174.88466300808892 139.5959147301577 375.25508734019735 263.2789880987547 323.5713110643748 
402.3785698092057 229.5104330628155 483.25451121823187 318.07855101132265 60.21489535939962 
581.925356830226 258.4841425650378 283.90340972908314 472.74719811738396 565.9938604219625 
558.1533352790642 499.431596564718 538.7492785216075 58.32331125536002 415.1467110328879 
615.2632493513918 478.8158787038808 242.41218916253715 234.73237379197218 555.2160793933664 
597.1903406332036 258.4019770215991 55.43137223751665 345.099421398643 406.32415306090866 
459.8968230408957 20.665860978486865 465.3529916192605 47.76233637224901 148.94493553612358 
269.7799331272805 273.6442848641889 92.94801765804758 610.2752530624912 607.0266430731235 
593.518114131487 157.54043568417558 415.88335521208495 457.1151786166055 515.1921296473477 
512.8397236021331 121.06009882412349 365.9118309395526 204.592138453432 227.9124006244609 
22.956967269982492 454.88846676378955 66.72092274931781 526.0113720134405 602.7818187263528 
387.91237022005924 559.4542395506654 588.883988627201 422.71865005949905 158.97111854751515 
503.85790997629664 192.56217547806386 198.66530810314407 559.4262384456506 287.11956002538636 
308.22813137341126 319.8828320081689 533.3894815426657 304.1889524504003 151.74952415728904 
236.6500857554045 179.81538980621386 134.22046711662983 115.47784008522571 487.0176193195629 
309.9038418390322 497.91161133942927 365.90372691385693 483.7543147575705 418.4065325173458 
591.8313813405591 40.76290430121863 332.58070653551835 77.43095621514347 345.8319316316473 
329.1866286207951 102.78262624480963 511.3356270251444 499.63762827602767 468.4902813148362 
321.299011847886 261.31048619916703 144.7050635363734 441.1938756650498 411.3775718372482 
598.2360558751296 527.4477815239557 305.86829697534495 346.89205951153497 492.4150881477206 
59.91956504819329 45.40093246393147 143.41491480759916 98.77067535166778 434.0498947015259 
366.27451927049697 357.13908700687534 66.1042263978199 85.52547955210777 232.4529160495991 
312.7426392927845 329.0074583152548 603.4114660090061 267.4675058565881 531.2900065919988 
391.0217944285804 231.60616611787378 308.29812802217725 379.26369990129245 257.63910821727 
358.22311301745475 544.6421260225696 109.8199753752793 127.73754850302365 38.99390483528222 
227.16533304533823 417.3625519494078 102.04615702422828 550.7860604953253 78.328810245733 
576.5278287182892 117.23208109873582 121.32913860957152 289.38485093957473 586.6754399745693 
464.2040253788055 531.243302693166 537.1364099442349 292.9781579219622 399.2258124546548 
34.463668811712104 204.0532701481829 605.2043506485426 306.4337454842978 593.1545786672193 
135.33894011771216 85.28730488725117 420.3515129660131 573.2073353969824 216.54208208929685 
