435.1753871488822 48.71952496085046 280.1141592973323 242.39172257104934 253.7743789179645 
120.75341527770732 181.30047373349183 399.91014869828166 199.65361711619443 346.5064111510408 
33.23104193701714 129.69249013961203 104.61841582371316 181.75501945379557 367.69754336462665 
396.28379876434957 137.53880314130396 450.26724649121854 344.3395636474239 509.6530847608625 
57.12707485985973 66.6805955202277 307.0261968073234 161.68526193267638 189.59939152886633 
262.09611706809585 441.0984468111014 106.9906253625234 164.42456805097586 376.8416225276368 
127.17516501324565 114.98507343568991 66.3631173854251 409.857247874536 212.22594735483983 
445.19425827433525 286.9996863115022 139.15642955523688 43.613970013526504 222.73470148548657 
483.9720975717179 252.81546076457516 236.81191542559148 215.9250779008335 181.09996125724186 
54.94473859034592 272.4941201121173 142.98069303515658 167.61611818403344 436.0947994634788 
143.70810740611844 259.7443755679652 479.7039861556463 422.5503465232662 398.8284763251229 
105.4068664545325 372.5439042230728 243.9652806546398 50.99655182998352 408.16983283864636 
316.07175817915424 483.79196488397463 449.7486373292216 277.8046517031988 172.6526657482482 
501.9577748686087 335.53609213046275 437.05999084809457 339.8733139077735 444.2421018366221 
422.84051800781293 368.87153702256853 266.6556485712272 277.806953844321 482.58692368415524 
381.32670136100506 375.89532653007063 417.3341615204879 19.55812532018463 217.33768547696351 
51.82790928085045 131.22247200058473 265.5134939530301 460.97585384850214 475.32592923817924 
42.29757074758221 333.7152520969259 117.42063566201976 215.3301246096178 162.4881547751201 
505.56524790955893 368.47607683635385 109.61761953050457 25.921160299605997 245.0555320711319 
130.6081052068705 93.11060277980542 109.88939127153745 161.7357365602852 167.4556929212199 
256.92827794973823 358.14451397691465 267.90045008875825 133.76901255410587 46.38537389463525 
245.9686380819953 500.6996974123493 52.72772256396856 131.14037203669776 451.47759459858094 
104.87557944431607 353.5925046759621 105.69641525385003 322.6090156590878 96.82834157625757 
221.64301489115724 303.45822256541146 454.24836755678365 155.7148563521034 137.35522542002929 
132.54797806608235 314.94604566573486 412.28270966915585 106.77155393345144 466.5834177411261 
487.6786417176512 231.14305919103526 210.016597241769 248.62113104201615 214.10756283068838 
207.18521945318486 219.91184716872456 91.46837163594589 56.78801963513956 221.83637703907425 
167.64232866538936 282.5663010762134 118.7816634739121 29.86926737317879 357.4284447986123 
226.64796353216843 385.1258639456893 472.4611084754543 457.15597983501414 484.37402335915294 
375.612828537578 37.206969675382666 416.91757858265044 190.1493587561559 423.3316040439152 
